#periods = 490.5, 443.1, 444.7, 445.2, 452.9, 308.0, 575.0, 301.1, 300.2, 301.3, 796.6, 400.1, 881.3, 509.4, 433.4, 298.8, 288.3, 319.1, 321.1, 317.4, 317.8, 314.4, 315.3, 712.2, 308.6, 309.7, 438.3, 310.4, 429.2, 436.2, 436.2, 438.2, 237.5, 307.3, 297.5, 455.2, 285.5, 130.7, 292.6, 313.0, 315.8, 316.7, 456.0, 497.0, 314.1, 467.3, 337.4, 306.1, 330.3, 486.3
#bold = [0, 1, 2, 4, 5, 8, 9, 10, 11, 13, 14, 15, 20, 25, 26, 28, 29, 30, 33, 35, 36, 37, 38, 39, 40, 41, 42, 43, 45, 46, 47, 48, 49]
16357
19986
21192
57671
136743
276630
280226
284871
284890
299195
300836
307215
332716
336650
341959
343421
344332
346171
358334
376666
376927
377695
378131
383720
385514
385828
386135
391060
410634
411886
424003
424558
424734